,Moho,Eve,Kerbin,Duna,Dres,Jool,Eeloo
Moho,0,16117600,19913500,26768900,51629500,76594200,119514300
Eve,16117600,0,23530800,31665400,56462800,81962500,123317100
Kerbin,19913500,23530800,0,35383000,60320600,85811900,127081700
Duna,26768900,31665400,35383000,0,68079200,92947000,135224000
Dres,51629500,56462800,60320600,68079200,0,113355000,151339300
Jool,76594200,81962500,85811900,92947000,113355000,0,169943700
Eeloo,119514300,123317100,127081700,135224000,151339300,169943700,0
