,Moho,Eve,Kerbin,Duna,Dres,Jool,Eeloo
Moho,0,3546900,7289400,14641100,30052400,60949000,60715300
Eve,3546900,0,3668900,9792200,25237900,55583200,56927000
Kerbin,7289400,3668900,0,6069300,21402600,51735000,53183400
Duna,14641100,9792200,6069300,0,13732500,44584600,45095900
Dres,30052400,25237900,21402600,13732500,0,24543300,28733500
Jool,60949000,55583200,51735000,44584600,24543300,0,11617100
Eeloo,60715300,56927000,53183400,45095900,28733500,11617100,0
